24587
17303811
2067
680195
1589251
2113555
147467
270359
1853459
18630675
409603
1310739
4381
557077
262165
532765
16838661
317829
155981
1597445
1703957
1310741
2097557
2634133
269
4222045
1245461
409605
549125
2621717
2883845
19398917
671749
917525
1574917
18352133
557065
549129
551177
393241
1638425
1835529
1847833
946441
946441
135449
291081
528649
813085
573449
1574921
2105373
2105373
2629721
3809305
3023193
2097437
2359577
2490649
2637853
131361
524341
147497
131369
139557
143669
655409
679985
8513
794945
16785493
8281
532561
2490705
131153
667729
1706309
153
281
262409
655653
141585
704769
1054723
18565
2099473
10517
4212737
16779265
808961
26641
26689
16910361
280577
657425
2763025
1591489
21235713
33567041
143637
28737
1601537
17049857
17573889
50341905
532757
139345
10321
16916545
14593
19276049
1073173
1058817
680081
4595729
565525
25698577
16801803
16936977
16801809
17310145
20979713
21110929
688129
700433
696337
17475601
34833
163857
172053
34833
583941
16812033
581889
586001
688405
180357
704785
2279425
2277393
25876753
131075
655765
131089
1179729
1716305
393489
135193
16912385
1204233
139345
667729
917521
2230529
2228497
657685
917761
917765
270593
262425
296977
819221
1837057
917521
262161
798737
786449
270657
799057
786689
794901
794881
803093
811269
1314833
1896705
1441809
526481
526741
970897
524421
525317
561169
532505
549137
1573145
17457169
655365
2752789
1704211
1057053
1720449
18497921
1589249
2099475
2228305
2113801
4325385
4325393
4595729
20971521
5244961
16777219
1031
1205327
16779275
1043
10263
2051
8203
9219
16910355
133139
131347
262163
264211
262407
17041671
262403
787475
789523
675971
17432595
526355
151
8211
131091
524307
1575219
18350099
1310743
20502
151578
131090
147506
8530
8530
2245011
8602
8530
2354
2099474
2066
26706
4212754
526354
8342
8218
532627
532786
262426
262426
786450
655378
4726802
16801818
2322
1298
2306
26882
8458
18759
131338
655746
17432971
524562
3079
2075
6163
535571
10506
19462
18442
4212738
1050642
147467
540675
16793610
20482
28994
24586
24594
17410
20482
540674
147482
155650
4341762
278530
540802
671890
542738
544770
17981451
4212738
16933178
139523
139399
139275
131099
132115
918579
917523
655507
655507
132358
131418
131378
16910642
655810
665859
139586
917890
147467
156690
671890
4349954
1441922
1049606
1572954
1050890
1059146
1574930
1056902
1187866
1187842
17956866
1319186
18087938
1703954
1597442
17956882
8455
532759
2071
1045
1574933
2053
135189
36869
45381
1347589
8461
139285
532765
17336583
34839
17334533
559365
565509
1736725
155655
131085
131093
131093
1181749
17958965
131349
16908293
262165
262277
786437
524421
17449045
543109
1310741
10580
657431
682263
17434902
2068
663572
665621
18489364
16936980
663829
17443093
8581
131461
143749
10453
135319
61829
323973
8341
8405
8645
10389
688277
655509
917909
34210197
131285
17432965
655493
262293
32917
1172
1172
262292
180
6549
786580
9620
436
2444
18828
270740
33156
542869
16788
936084
278676
926085
921989
1179780
655701
133396
1978645
524564
34087188
17301764
2099460
2107653
6405
264197
264453
415749
10261
133141
16910357
534804
530709
6406
10500
10501
19460
280596
17057812
411668
805012
551364
1067020
1050630
1050644
1968148
16517
18437
551173
802821
540677
16412
16436
2646356
18444
313365
1067093
542740
551188
2640148
18516
26885
149508
1079300
553223
28950
20500
16797724
675876
677943
28685
159773
552980
153877
291076
545028
553236
545044
28676
1601813
1601797
18379012
16838661
184341
454917
577556
586004
2674964
708884
63749
588037
579604
17356820
8443924
579869
585748
315412
848132
2552212
1757204
679957
680213
581652
155668
155676
679956
1075228
1337604
679956
549132
1597452
155700
24892
549180
160036
551204
679972
1335588
417876
420181
548884
549140
1335572
1335316
1400852
3039509
418076
420127
942365
811268
811284
811013
17590277
1859860
1861893
1990660
1990916
1861637
1339412
1470484
1896708
548869
549125
680213
17494037
548884
811028
8937492
1597716
1597724
679941
942085
1728790
1728774
681988
3041557
19816468
2646292
2648341
3039509
2777108
2646276
2122004
17412
17684
25924
18436
712981
49172
16826372
147476
155652
155668
704533
712965
671764
974876
802820
548868
1065092
1067020
1075460
1468436
1597444
1728532
18505732
18374660
1099796
1196117
1458196
1720324
1335556
2244628
2244693
132101
655397
393349
50462725
135189
655381
680213
2752789
1703957
655644
4325396
135444
145669
393476
655637
655620
657669
921860
34210068
180228
409604
4341772
1181957
1705989
1706004
1458436
1712148
18491412
1186052
1855492
1986580
16779284
16779529
4185
8221
139353
1466457
131097
132105
402457
524297
524313
1704153
25
2073
133145
131097
524441
524315
524314
29
284
287004
1052
133149
10524
393245
32792
16812056
131096
524345
8248
532537
270392
2367800
524604
8504
17312056
549176
131160
16779289
2230552
19007768
12313
16928797
675869
676125
946201
946457
16785432
700441
40984
565272
41304
557340
450840
557208
18382872
2228504
393502
975132
917528
2490392
270680
401752
393496
263192
950297
819480
17711128
1990940
526617
526617
524316
667928
2148376
2156888
2684952
2097436
2637848
1067353
524568
131384
139580
663864
17443128
1575212
18352428
526665
291096
8520
139544
655644
680220
17434908
672028
655624
17432840
17565963
393561
426265
917785
305436
1458460
2507036
19284252
946445
1310988
1335564
262425
262536
266504
409880
17074441
1868056
794909
794889
794892
811276
1843656
1966362
1990922
917772
2490648
19792152
2097432
2384136
2244892
671756
1601564
807196
553225
553241
147464
1067034
1589258
4218888
4743176
33579032
655401
131145
135177
659725
17438989
4325385
4333897
135193
393240
140552
2228504
2228504
180232
1179720
1188168
1835016
18350088
149
131153
16910353
139281
401745
655505
262161
17041681
786449
925713
17039377
28948
291092
815380
16805908
88
549144
672024
1572893
1597725
1599773
1720349
524340
2621748
19401012
16785716
532788
671792
524752
655760
16910360
526356
551188
657684
17434900
682260
538640
17446929
538897
526608
264208
4589712
6417
135191
135248
16920660
291088
553232
555281
299409
33853841
16832528
16832528
16963600
17365008
17338384
10259
1728532
1204309
16789520
16916560
684084
8273
8528
139600
139600
272848
8341
16802320
1470480
1073360
1450000
663568
958736
667921
663824
17443088
663573
17440784
2781456
2783505
311576
1116177
17893393
1683728
147472
294933
17074453
17039377
796945
17574161
788883
801171
786449
790801
786836
532884
1237009
3672081
3696913
2105360
2105680
2629648
20457489
2228240
19005456
19021850
19005465
19030032
19538384
23199888
2105628
3696912
2115600
8912917
25692181
8941841
8401169
8427537
8388636
8923156
8945684
8970516
8397013
8921428
12058900
8782100
8913298
8937874
9175312
9183508
9183568
8429593
8708369
8945684
8970517
8691728
10789136
8560916
9089296
9076752
8431889
8972561
8439832
8570896
8710416
8699920
9879568
8814608
8839440
8921112
9199888
11280656
8921104
9054225
9043985
25846041
9048080
25827344
131367
53
17303845
524325
671781
17448997
18352165
57
2337
1182001
131361
16910625
524705
2081
264241
137505
16783649
1331233
17571873
135201
135217
287137
786465
524337
655537
1574945
2244641
2769201
131121
1703985
133177
56
2096
10608
4212784
6193
8244
4325424
131378
549156
2360
532784
524704
17301792
524768
655856
532960
1180016
2352
2336
6432
10529
16787745
8501
10533
8488
8552
8496
139632
270752
131376
135456
917792
262560
270816
794928
2097456
2145
6193
526369
2246689
2096
264368
526816
542753
149536
4212768
4343856
1327140
19488
4212768
4221280
16424
540704
542755
147508
156016
933936
2244656
671856
151584
153633
684321
151600
1202209
671904
1728560
4341801
1073192
1597737
1204280
1196064
1720480
135217
4346929
131120
151608
33685552
139444
18030644
1777712
18556976
393392
139576
16918840
434616
151584
679968
1704224
1990945
1050672
1050656
17827872
1597732
1056808
1587257
1057128
1189937
17834016
1712432
1724592
1703984
8513
25167937
16910417
4177
8257
131153
139353
133445
524369
655569
33554513
131153
139352
8272
141393
16918609
663633
680273
532820
538705
17311824
143441
1966160
803008
532801
524640
524664
133440
141688
2097488
2105680
2121
10325
264257
18499
2115664
18497
18504
26712
18528
16456
2781264
2252880
131139
131161
17958985
1704025
139585
139337
663801
684249
663617
393281
2228305
16908353
655441
917585
139344
16924756
1204296
1228864
4341824
4350272
4866240
1712209
1179721
1310800
1835088
1048920
1059160
18352448
524675
524675
131457
2209
2177
8329
1058985
10393
8385
41105
16810113
131209
16910473
524433
2097297
153
10649
2031769
526481
17303697
131217
139729
655505
524433
2105489
18876817
18874513
2192
524752
706964
2192
18576
34960
1083568
131216
655825
147600
395440
408
448
526784
16779712
20971969
2432
268720
131472
942465
934276
936325
17711488
18568
18576
16796041
16795776
20624
284816
811152
16801936
155776
49296
33710464
147584
409744
838017
802944
542864
1196160
1327248
1329304
1335744
6439056
1048784
1060993
1200256
1187992
17965248
1712272
1581504
1704064
1319051
17613200
281
2329
549181
17310008
17309976
155984
2385
272656
1968401
4433
553281
12625
528665
17307929
667969
684353
561413
571664
588037
16816384
717077
717057
315664
317714
430352
454928
2527504
2281744
2814224
2629908
532764
1059100
1059148
28948
712981
401685
401693
401749
17181013
141598
8472
41244
565528
8397080
8457
532765
549133
3156233
1976585
18751752
532769
549172
551201
1059124
160032
684321
663896
534785
17312001
2629905
17965824
139536
549140
18030848
270616
795072
794880
434448
796929
794901
794905
1859840
1861889
1990916
1990916
1978640
1450261
1583381
534868
532760
794896
17572112
549136
680213
925968
925976
926032
665873
682257
663824
696592
712977
2777360
6955280
549120
1728796
1728780
2384129
2892048
2892113
2908497
3039569
2896144
3039504
2629904
2124048
2124056
2652432
196865
393600
155904
268549
272649
395537
1310992
534785
528656
788784
525845
2817
303633
4457360
25344
549632
17936
1206785
1993473
17981968
1049176
1585752
1049364
1085952
1204992
17957376
1835520
1835796
18613024
33808
1284
3328
134416
11584
9480
9536
263424
533908
9232
9520
25604
4219904
4222040
2067
149507
17451011
3077
16779273
3089
10249
305181
1058897
133201
16910417
788481
526353
657425
534785
657425
1050817
1058949
4204545
6031617
21104657
16910353
2073
133145
428441
10585
2097
1050705
10257
141329
141649
788497
657553
2099217
526384
16779349
2129
10328
813393
530769
30736
534736
264208
288784
657424
2099216
133395
16910595
272660
2352
17566000
530736
526624
526784
3344
16780560
530688
555265
530712
10512
11520
788736
796944
17434897
17434897
1706257
526608
2099472
2107712
18441
26625
18437
542741
551173
19460
26688
686160
19456
280592
280592
280576
804864
804864
1067016
2115600
18892816
2246672
4343824
1051652
17828868
1058948
1058880
12693
33567057
6401
12545
16791809
536833
536853
152065
17453825
5137
136209
1086481
6161
6145
12369
536657
143441
143377
1716277
1716581
16789505
143681
136193
660497
669009
135505
135449
16912385
267265
266241
2363665
921617
528517
661777
528513
659473
16781331
16928769
6161
12305
12625
4209041
1445905
1978385
528401
274837
4377
6429
553245
12572
1052952
528400
536912
135186
430482
16928784
538641
553232
1060880
135184
16914448
266256
266321
530449
659472
544920
8401173
6424
528832
17438977
7424
30976
12552
12560
930064
160000
17461504
1585424
137493
151808
266496
268560
291072
791825
10096912
4224
20504
22552
675865
159768
806936
552976
16805904
684288
553088
20488
28672
153601
151568
2248720
160064
675921
806912
17586176
675984
553216
2650369
675840
1601536
1601793
1331216
1593472
2117648
2650128
2117904
1052804
1612048
1183768
1316884
1314832
1315076
1317125
1323269
1317120
1839104
1579009
17045552
17698832
17305728
9241
12305
2760977
4349953
549121
551169
2629905
1714177
18491393
1712145
139281
16916499
16918545
17180949
17178645
9236
8216
2629969
549201
549201
156114
156122
663952
2236432
3563536
4875280
2236432
3025040
20981776
4464656
4628497
8921104
8468
532928
8464
16801802
286992
553217
24592
813200
161793
16939009
680064
680080
286736
548880
549312
549140
549120
2123792
4350096
1189909
1191954
1470480
1450000
541206
2638614
551235
3039507
2506770
2506770
549123
3424514
20203778
286981
17066245
1630469
17874948
1196036
24597
278536
286768
2384176
147504
16692
147764
18725
548912
16794625
16832772
24596
24896
24832
26896
16803840
548864
57360
57680
704529
713041
712977
704529
57600
581648
18538752
311312
835856
844032
581888
155729
147480
16933129
155973
34234689
33710417
680209
155968
158017
16935233
671888
934032
5128592
1589440
3557392
1593364
1851672
2121744
2244624
2246673
2248724
2247696
4349968
32789
33797
33877
32849
41217
1091873
565505
696593
565569
164097
34833
829713
38913
43025
565249
163857
696337
164865
173377
688129
696581
688405
712965
1739013
18516229
17467393
696337
958865
17465345
294913
294993
434257
319745
819201
557189
557185
565521
696337
1343505
17346577
32789
33809
163856
17344529
51216
163856
2261268
696405
712980
688180
17467444
184368
192565
426129
180504
700433
454928
692496
450576
452625
17754385
17229841
452624
3047700
1474585
295057
61584
17090944
57488
573568
704705
704721
426129
17074565
17074565
17080709
57601
34052
1736980
33044
35088
575744
41232
42240
33040
557444
34837
43009
43025
567313
43329
567297
821509
559121
710689
16812033
16943121
296977
1476625
17344528
575488
1345536
574484
53264
573456
17481744
581888
51216
51476
16828676
575749
17352965
583941
837892
51200
1632512
51200
180224
1230849
1632513
180356
704512
712960
704769
17481729
311312
844032
2933008
311312
17615106
313618
17090818
835584
573441
583953
17361169
1105928
1228800
19578896
4374552
4374544
5425200
690437
688405
16941057
16941073
17205524
688412
163888
172084
16949333
696401
712977
163857
975124
434196
958480
975121
2523152
958744
960793
426000
1474576
696344
17465360
2793488
3588368
20367632
164116
164120
950544
16947457
16945409
168208
174341
174356
696576
180480
17481984
450816
450832
19038469
2785553
16959491
186386
1228828
180252
442388
1228828
1228828
1753100
1761548
450864
452913
442416
182576
704800
184385
442448
705044
717072
446736
708624
708608
180256
180240
16959504
17481744
712960
444417
442384
442392
2015252
966676
704532
712980
712976
966672
1228808
2277392
2277656
2277656
2285844
2547968
17091013
17615300
17090756
1083654
1632519
17860870
1345922
1477010
1083392
1880464
1474709
1212432
1490960
1474576
1343616
17893665
18417921
1769489
1770519
1925392
1115396
17894660
1638672
18417936
1638656
1638672
1654800
131093
133381
133389
147721
133377
139521
393489
139345
140289
164105
16943369
131089
16910353
655377
655505
663873
672001
131221
655381
680213
131097
131097
139609
16908313
133137
17434897
33687825
16910353
417809
419859
133141
2228500
663572
17442836
164116
680276
33710420
159772
684317
147484
155996
2244628
19021844
1704212
1179676
1728796
131120
139316
657460
682292
151600
1179760
1441840
131161
139609
395353
135504
155984
158033
917840
1181777
17958993
1706065
1730897
155956
655892
657425
682257
977297
2754833
19532049
8521745
395281
2762769
133424
158032
1460560
16910352
143633
143697
138259
135186
143640
675856
2248720
688145
17467417
165909
16943120
704528
704528
958480
975121
3055889
1222935
1761553
2031632
1245456
1782032
393365
393365
399378
3039505
925976
917776
925973
1992976
2508816
933904
1458196
950292
450584
974872
450576
17754386
452882
917520
1974289
933904
942356
1968144
663825
655632
667920
1712144
2230289
3285008
6422800
3827984
17436800
131348
131460
131352
133424
655808
139584
393488
394496
2228496
147465
148484
149520
149504
684293
147488
151552
671744
180240
409616
1196224
17975488
1204232
1720336
1728784
1181712
1188160
1181697
1441920
1450241
393245
262193
17563697
263185
264201
17172481
264209
264209
788481
266257
301073
811269
270345
788753
811301
17563937
1310741
2359313
2367809
264213
272397
393245
418069
270356
1312924
266388
411781
444805
280708
270612
794932
794900
311316
409620
397333
401428
950532
393365
286737
786449
286748
917524
17694741
811284
933908
1441812
18743572
262168
263184
266256
798800
33816848
788500
813332
264240
264208
794641
942097
270360
418064
270352
2892048
794644
950289
1384468
393488
1458448
18237712
2490384
2490644
286992
794960
788496
800784
2367504
2492433
2490384
9701393
262297
4472969
263313
264321
295057
393361
426113
786576
264368
264336
919696
786848
270736
295296
917888
786816
279684
278672
802944
811456
311424
319936
409744
934016
17713280
802944
1329288
1460376
1851520
4472960
4604048
1441984
1835136
263428
262424
262592
786880
270656
272705
270709
794981
17574245
272660
796944
2492688
399617
17176833
301328
17078528
270612
270656
401744
272720
271616
917776
786704
1859841
33816848
265472
271616
2361361
296976
264468
264472
788928
17566144
297216
4474880
21252096
268289
921601
268304
268560
283664
807040
303105
4481024
284701
409620
280837
17580308
802848
5128241
280832
411649
411928
280840
1861888
2377744
282640
17059866
4477072
290832
815568
807184
5001361
4608144
286784
286720
835997
17186816
933888
1329152
1335304
1359872
1458196
1851520
1990800
2900240
294933
303489
295953
427025
297237
821525
295188
295220
17074485
295060
294936
303128
303448
303360
950528
2001153
821504
324625
966656
835584
426009
434496
1507345
34930704
17565955
788499
786465
786513
917761
787473
794633
925705
794953
917505
917521
917505
786449
798737
811265
786693
1835009
17563649
17563673
788497
788496
819216
787716
788736
917760
803844
807045
811024
835584
933969
933904
937984
17711104
917953
925777
925777
917845
17694801
921617
917520
925904
925904
917520
917652
918800
926016
950528
934928
942144
17721408
1966100
1968208
1843224
1851656
18612232
1835040
1868040
17565712
1835542
1839362
1908754
1843223
1845507
1310748
1310740
1312820
18090036
1310852
1318936
18098200
1441840
1843508
1441857
1835088
1859920
1311004
1835264
1445904
1839360
1474576
18122752
2015232
2015248
1359888
1359896
1478672
1441808
18221072
1441845
18219088
1474832
1474840
1483072
18262336
1466376
20316176
3541249
3539216
3555584
1867796
1843457
4587537
4489232
4980752
4460800
4464960
4981124
17061890
17616896
17567760
526355
845843
524549
526593
525329
526353
534545
527361
526337
533505
557073
655441
787457
786449
25853969
524437
655509
532949
528401
655377
843793
534933
1646996
17328340
532496
663633
583824
837652
2910480
526352
1740817
17485841
532504
17309724
794896
811280
532496
659472
921616
657682
17449232
671760
938256
934160
786448
17563952
17592592
794960
8912912
532609
533633
795777
524417
655505
655760
528528
528528
2889872
532624
17449104
17465489
655504
671920
786576
17301648
525700
532864
532928
533888
533952
655752
17432960
786816
802960
1589440
1589440
1859721
655505
663697
655504
671873
1720512
1720512
4866176
1835136
525588
524736
528656
17309952
655632
655640
1835280
526608
540679
17317897
671952
544769
4870144
548880
1597520
549312
542720
540800
573700
802816
542721
17319937
1589380
1589440
1720320
1982720
1732625
4866057
5128201
4866064
4743168
655381
656389
655385
680201
682249
655653
17432665
657665
663809
663873
925745
946209
946465
942337
927761
975105
2754577
655377
667665
17432593
655376
1994776
663576
657665
655634
656644
688384
704512
1722386
1704964
1703952
18483200
1966080
1704064
1572882
1583120
1712128
6817808
21504016
4718868
4727040
17334288
17336581
17336581
17827904
1579281
18356497
1058835
1058836
1187864
1204312
1974297
1974617
18507825
1208608
1073408
1122576
1581312
1581336
3549457
3547408
20848912
5268480
1320976
1060112
17837328
1583360
1320961
1105920
1212432
1187843
1179728
1310744
1312816
1441808
1312769
18089985
18352384
2646277
18876433
3147795
3147793
2230547
2777345
19530001
3555585
19005441
2883585
2623571
2099604
3809296
2515216
3538960
19005456
2361360
2760721
2625796
19546372
2113816
6291728
6422800
2099537
2640145
2648321
2124052
2648336
20580609
3801360
3539200
2361618
2384128
2883840
3031296
3410177
2623745
2113812
3168272
3827728
2637840
2768912
3287059
4194385
4718849
4195345
4197377
4196353
4333593
4726785
4329473
4333569
4333889
4456577
4980753
4718725
4849681
6291473
4195345
4720785
21498001
4251665
4325393
4849809
4202840
4195344
4203544
20974608
4194768
4719056
4216852
4327473
4196368
4980752
5120016
4718721
6946961
4196496
4202640
6430864
4325520
4587665
4849808
4194692
4196752
4620688
4718992
4212880
4214912
4472976
4194584
20973848
4620569
4194608
4196616
4196608
4204864
4202760
4219144
4202768
4202816
4333840
4858128
4227344
4325648
4477192
4456720
4456832
4718976
4850057
4727168
5783936
4989200
4222977
4349976
5400632
4210696
4218904
4341768
4342784
4342800
4351296
4604928
4637824
4343816
4342040
21118976
4866176
5261320
5267464
4358145
4849936
4849936
4858176
4350016
16908297
16777361
16908305
16779280
20989968
17694745
16779544
17850432
17973248
18235392
18237488
18366592
33579024
